5.000000000000000104e-04 0.000000000000000000e+00
1.500000000000000031e-03 0.000000000000000000e+00
2.500000000000000052e-03 0.000000000000000000e+00
3.500000000000000073e-03 0.000000000000000000e+00
4.500000000000000527e-03 0.000000000000000000e+00
5.499999999999999681e-03 0.000000000000000000e+00
6.500000000000000569e-03 0.000000000000000000e+00
7.499999999999999722e-03 0.000000000000000000e+00
8.500000000000000611e-03 0.000000000000000000e+00
9.499999999999999764e-03 0.000000000000000000e+00
1.050000000000000065e-02 0.000000000000000000e+00
1.149999999999999981e-02 0.000000000000000000e+00
1.250000000000000069e-02 0.000000000000000000e+00
1.349999999999999985e-02 0.000000000000000000e+00
1.450000000000000074e-02 0.000000000000000000e+00
1.549999999999999989e-02 0.000000000000000000e+00
1.650000000000000078e-02 0.000000000000000000e+00
1.750000000000000167e-02 0.000000000000000000e+00
1.849999999999999908e-02 0.000000000000000000e+00
1.949999999999999997e-02 0.000000000000000000e+00
2.050000000000000086e-02 0.000000000000000000e+00
2.150000000000000175e-02 0.000000000000000000e+00
2.249999999999999917e-02 0.000000000000000000e+00
2.350000000000000006e-02 0.000000000000000000e+00
2.450000000000000094e-02 0.000000000000000000e+00
2.550000000000000183e-02 0.000000000000000000e+00
2.649999999999999925e-02 0.000000000000000000e+00
2.750000000000000014e-02 0.000000000000000000e+00
2.850000000000000103e-02 0.000000000000000000e+00
2.950000000000000192e-02 0.000000000000000000e+00
3.049999999999999933e-02 0.000000000000000000e+00
3.150000000000000022e-02 0.000000000000000000e+00
3.250000000000000111e-02 0.000000000000000000e+00
3.350000000000000200e-02 0.000000000000000000e+00
3.450000000000000289e-02 0.000000000000000000e+00
3.550000000000000377e-02 0.000000000000000000e+00
3.649999999999999772e-02 0.000000000000000000e+00
3.749999999999999861e-02 0.000000000000000000e+00
3.849999999999999950e-02 0.000000000000000000e+00
3.950000000000000039e-02 0.000000000000000000e+00
4.050000000000000128e-02 0.000000000000000000e+00
4.150000000000000216e-02 0.000000000000000000e+00
4.250000000000000305e-02 0.000000000000000000e+00
4.349999999999999700e-02 0.000000000000000000e+00
4.449999999999999789e-02 0.000000000000000000e+00
4.549999999999999878e-02 0.000000000000000000e+00
4.649999999999999967e-02 0.000000000000000000e+00
4.750000000000000056e-02 0.000000000000000000e+00
4.850000000000000144e-02 0.000000000000000000e+00
4.950000000000000233e-02 0.000000000000000000e+00
5.050000000000000322e-02 0.000000000000000000e+00
5.149999999999999717e-02 0.000000000000000000e+00
5.249999999999999806e-02 0.000000000000000000e+00
5.349999999999999895e-02 0.000000000000000000e+00
5.449999999999999983e-02 0.000000000000000000e+00
5.550000000000000072e-02 0.000000000000000000e+00
5.650000000000000161e-02 0.000000000000000000e+00
5.750000000000000250e-02 0.000000000000000000e+00
5.850000000000000339e-02 0.000000000000000000e+00
5.949999999999999734e-02 0.000000000000000000e+00
6.049999999999999822e-02 0.000000000000000000e+00
6.149999999999999911e-02 0.000000000000000000e+00
6.250000000000000000e-02 0.000000000000000000e+00
6.350000000000000089e-02 0.000000000000000000e+00
6.450000000000000178e-02 0.000000000000000000e+00
6.550000000000000266e-02 0.000000000000000000e+00
6.650000000000000355e-02 0.000000000000000000e+00
6.750000000000000444e-02 0.000000000000000000e+00
6.850000000000000533e-02 0.000000000000000000e+00
6.950000000000000622e-02 0.000000000000000000e+00
7.050000000000000711e-02 0.000000000000000000e+00
7.149999999999999412e-02 0.000000000000000000e+00
7.249999999999999500e-02 0.000000000000000000e+00
7.349999999999999589e-02 0.000000000000000000e+00
7.449999999999999678e-02 0.000000000000000000e+00
7.549999999999999767e-02 0.000000000000000000e+00
7.649999999999999856e-02 0.000000000000000000e+00
7.749999999999999944e-02 0.000000000000000000e+00
7.850000000000000033e-02 0.000000000000000000e+00
7.950000000000000122e-02 0.000000000000000000e+00
8.050000000000000211e-02 0.000000000000000000e+00
8.150000000000000300e-02 0.000000000000000000e+00
8.250000000000000389e-02 0.000000000000000000e+00
8.350000000000000477e-02 0.000000000000000000e+00
8.450000000000000566e-02 0.000000000000000000e+00
8.550000000000000655e-02 0.000000000000000000e+00
8.649999999999999356e-02 0.000000000000000000e+00
8.749999999999999445e-02 0.000000000000000000e+00
8.849999999999999534e-02 0.000000000000000000e+00
8.949999999999999623e-02 0.000000000000000000e+00
9.049999999999999711e-02 0.000000000000000000e+00
9.149999999999999800e-02 0.000000000000000000e+00
9.249999999999999889e-02 0.000000000000000000e+00
9.349999999999999978e-02 0.000000000000000000e+00
9.450000000000000067e-02 0.000000000000000000e+00
9.550000000000000155e-02 0.000000000000000000e+00
9.650000000000000244e-02 0.000000000000000000e+00
9.750000000000000333e-02 0.000000000000000000e+00
9.850000000000000422e-02 0.000000000000000000e+00
9.950000000000000511e-02 0.000000000000000000e+00
1.005000000000000060e-01 9.999999999732834821e-01
1.015000000000000069e-01 9.999999999716798760e-01
1.024999999999999939e-01 9.999999999698920838e-01
1.034999999999999948e-01 9.999999999678904627e-01
1.044999999999999957e-01 9.999999999656374872e-01
1.054999999999999966e-01 9.999999999630871939e-01
1.064999999999999974e-01 9.999999999601818512e-01
1.074999999999999983e-01 9.999999999568486286e-01
1.084999999999999992e-01 9.999999999529942674e-01
1.095000000000000001e-01 9.999999999484934232e-01
1.105000000000000010e-01 9.999999999431791187e-01
1.115000000000000019e-01 9.999999999368249792e-01
1.125000000000000028e-01 9.999999999291239172e-01
1.135000000000000037e-01 9.999999999196228506e-01
1.145000000000000046e-01 9.999999999076187862e-01
1.155000000000000054e-01 9.999999998920323652e-01
1.165000000000000063e-01 9.999999998710717986e-01
1.175000000000000072e-01 9.999999998415088909e-01
1.184999999999999942e-01 9.999999997968667120e-01
1.194999999999999951e-01 9.999999997220800907e-01
1.204999999999999960e-01 9.999999995727715252e-01
1.214999999999999969e-01 9.999999991226022900e-01
1.224999999999999978e-01 7.449275170463889317e-01
1.234999999999999987e-01 9.437649268115949982e-10
1.244999999999999996e-01 4.860058073106888056e-10
1.255000000000000004e-01 3.348290021702550194e-10
1.265000000000000013e-01 2.599987090749669960e-10
1.275000000000000022e-01 2.157193231352275474e-10
1.285000000000000031e-01 1.867579928412705106e-10
1.295000000000000040e-01 1.665986581698009084e-10
1.305000000000000049e-01 1.519936208205048570e-10
1.315000000000000058e-01 1.411507796875704023e-10
1.325000000000000067e-01 1.330001625222682252e-10
1.335000000000000075e-01 1.268753124254373555e-10
1.345000000000000084e-01 1.223402266902053214e-10
1.355000000000000093e-01 1.191084205208992147e-10
1.365000000000000102e-01 1.169914712501889486e-10
1.375000000000000111e-01 1.158677215039017361e-10
1.385000000000000120e-01 1.156710004764396784e-10
1.395000000000000129e-01 1.163784591638491623e-10
1.405000000000000138e-01 1.180077534616546988e-10
1.414999999999999869e-01 1.206173024241060460e-10
1.424999999999999878e-01 1.243150923232158361e-10
1.434999999999999887e-01 1.292701570767418526e-10
1.444999999999999896e-01 1.357330560436764928e-10
1.454999999999999905e-01 1.440685963053579531e-10
1.464999999999999913e-01 1.548304083299495764e-10
1.474999999999999922e-01 1.688478517366078226e-10
1.484999999999999931e-01 1.874501879433411668e-10
1.494999999999999940e-01 2.128578461045336957e-10
1.504999999999999949e-01 2.490968632939369793e-10
1.514999999999999958e-01 3.040017424024390532e-10
1.524999999999999967e-01 3.967664902214283336e-10
1.534999999999999976e-01 5.831416905867903413e-10
1.544999999999999984e-01 1.143267392590891887e-09
1.554999999999999993e-01 3.878365229241761969e-01
1.565000000000000002e-01 9.999999988811468787e-01
1.575000000000000011e-01 9.999999994498142142e-01
1.585000000000000020e-01 9.999999996378803324e-01
1.595000000000000029e-01 9.999999997313329114e-01
1.605000000000000038e-01 9.999999997870232527e-01
1.615000000000000047e-01 9.999999998238567889e-01
1.625000000000000056e-01 9.999999998499274900e-01
1.635000000000000064e-01 9.999999998692771230e-01
1.645000000000000073e-01 9.999999998841501148e-01
1.655000000000000082e-01 9.999999998958892800e-01
1.665000000000000091e-01 9.999999999053477140e-01
1.675000000000000100e-01 9.999999999130934070e-01
1.685000000000000109e-01 9.999999999195179345e-01
1.695000000000000118e-01 9.999999999249006288e-01
1.705000000000000127e-01 9.999999999294443276e-01
1.715000000000000135e-01 9.999999999333000211e-01
1.724999999999999867e-01 9.999999999365826175e-01
1.734999999999999876e-01 9.999999999393790473e-01
1.744999999999999885e-01 9.999999999417564789e-01
1.754999999999999893e-01 9.999999999437674258e-01
1.764999999999999902e-01 9.999999999454521893e-01
1.774999999999999911e-01 9.999999999468404122e-01
1.784999999999999920e-01 9.999999999479551871e-01
1.794999999999999929e-01 9.999999999488112801e-01
1.804999999999999938e-01 9.999999999494174618e-01
1.814999999999999947e-01 9.999999999497762859e-01
1.824999999999999956e-01 9.999999999498836445e-01
1.834999999999999964e-01 9.999999999497279912e-01
1.844999999999999973e-01 9.999999999492895641e-01
1.854999999999999982e-01 9.999999999485381652e-01
1.864999999999999991e-01 9.999999999474292744e-01
1.875000000000000000e-01 9.999999999459008304e-01
1.885000000000000009e-01 9.999999999438635712e-01
1.895000000000000018e-01 9.999999999411894880e-01
1.905000000000000027e-01 9.999999999376900650e-01
1.915000000000000036e-01 9.999999999330797529e-01
1.925000000000000044e-01 9.999999999269065798e-01
1.935000000000000053e-01 9.999999999184135957e-01
1.945000000000000062e-01 9.999999999062368916e-01
1.955000000000000071e-01 9.999999998876424323e-01
1.965000000000000080e-01 9.999999998562426606e-01
1.975000000000000089e-01 9.999999997928882278e-01
1.985000000000000098e-01 9.999999996025440430e-01
1.995000000000000107e-01 5.855819479864559501e-03
2.005000000000000115e-01 2.605697167176195863e-11
2.015000000000000124e-01 4.200228848811377591e-01
2.025000000000000133e-01 9.999999999706393750e-01
2.035000000000000142e-01 9.999999999843868226e-01
2.044999999999999873e-01 9.999999999889166435e-01
2.054999999999999882e-01 9.999999999911370896e-01
2.064999999999999891e-01 9.999999999924306104e-01
2.074999999999999900e-01 9.999999999932579486e-01
2.084999999999999909e-01 9.999999999938166129e-01
2.094999999999999918e-01 9.999999999942057460e-01
2.104999999999999927e-01 9.999999999944799711e-01
2.114999999999999936e-01 9.999999999946725948e-01
2.124999999999999944e-01 9.999999999948051554e-01
2.134999999999999953e-01 9.999999999948921969e-01
2.144999999999999962e-01 9.999999999949443774e-01
2.154999999999999971e-01 9.999999999949701346e-01
2.164999999999999980e-01 9.999999999949759077e-01
2.174999999999999989e-01 9.999999999949679141e-01
2.184999999999999998e-01 9.999999999949509277e-01
2.195000000000000007e-01 9.999999999949306106e-01
2.205000000000000016e-01 9.999999999949117369e-01
2.215000000000000024e-01 9.999999999948989693e-01
2.225000000000000033e-01 9.999999999948967488e-01
2.235000000000000042e-01 9.999999999949095164e-01
2.245000000000000051e-01 9.999999999949401586e-01
2.255000000000000060e-01 9.999999999949915619e-01
2.265000000000000069e-01 9.999999999950652807e-01
2.275000000000000078e-01 9.999999999951614260e-01
2.285000000000000087e-01 9.999999999952793317e-01
2.295000000000000095e-01 9.999999999954172214e-01
2.305000000000000104e-01 9.999999999955719865e-01
2.315000000000000113e-01 9.999999999957406294e-01
2.325000000000000122e-01 9.999999999959190422e-01
2.335000000000000131e-01 9.999999999961038943e-01
2.345000000000000140e-01 9.999999999962915220e-01
2.354999999999999871e-01 9.999999999964785946e-01
2.364999999999999880e-01 9.999999999966625586e-01
2.374999999999999889e-01 9.999999999968409714e-01
2.384999999999999898e-01 9.999999999970125009e-01
2.394999999999999907e-01 9.999999999971759257e-01
2.404999999999999916e-01 9.999999999973301357e-01
2.414999999999999925e-01 9.999999999974751308e-01
2.424999999999999933e-01 9.999999999976105780e-01
2.434999999999999942e-01 9.999999999977368104e-01
2.444999999999999951e-01 9.999999999978537168e-01
2.454999999999999960e-01 9.999999999979620746e-01
2.464999999999999969e-01 9.999999999980618837e-01
2.474999999999999978e-01 9.999999999981538101e-01
2.484999999999999987e-01 9.999999999982384091e-01
2.494999999999999996e-01 9.999999999983161247e-01
2.505000000000000004e-01 9.999999999983872900e-01
2.515000000000000013e-01 9.999999999984526822e-01
2.525000000000000022e-01 9.999999999985125232e-01
2.535000000000000031e-01 9.999999999985671462e-01
2.545000000000000040e-01 9.999999999986171062e-01
2.555000000000000049e-01 9.999999999986627364e-01
2.565000000000000058e-01 9.999999999987041477e-01
2.575000000000000067e-01 9.999999999987418953e-01
2.585000000000000075e-01 9.999999999987760901e-01
2.595000000000000084e-01 9.999999999988070654e-01
2.605000000000000093e-01 9.999999999988350430e-01
2.615000000000000102e-01 9.999999999988600230e-01
2.625000000000000111e-01 9.999999999988823385e-01
2.635000000000000120e-01 9.999999999989021005e-01
2.645000000000000129e-01 9.999999999989194199e-01
2.655000000000000138e-01 9.999999999989345190e-01
2.665000000000000147e-01 9.999999999989473976e-01
2.675000000000000155e-01 9.999999999989582777e-01
2.685000000000000164e-01 9.999999999989669375e-01
2.695000000000000173e-01 9.999999999989738209e-01
2.705000000000000182e-01 9.999999999989785948e-01
2.715000000000000191e-01 9.999999999989815924e-01
2.725000000000000200e-01 9.999999999989825916e-01
2.735000000000000209e-01 9.999999999989819255e-01
2.745000000000000218e-01 9.999999999989791499e-01
2.755000000000000226e-01 9.999999999989747090e-01
2.765000000000000235e-01 9.999999999989683808e-01
2.775000000000000244e-01 9.999999999989599431e-01
2.785000000000000253e-01 9.999999999989496180e-01
2.795000000000000262e-01 9.999999999989372945e-01
2.805000000000000271e-01 9.999999999989226396e-01
2.815000000000000280e-01 9.999999999989059862e-01
2.824999999999999734e-01 9.999999999988870014e-01
2.834999999999999742e-01 9.999999999988653521e-01
2.844999999999999751e-01 9.999999999988412602e-01
2.854999999999999760e-01 9.999999999988142818e-01
2.864999999999999769e-01 9.999999999987843058e-01
2.874999999999999778e-01 9.999999999987512211e-01
2.884999999999999787e-01 9.999999999987149168e-01
2.894999999999999796e-01 9.999999999986745047e-01
2.904999999999999805e-01 9.999999999986303179e-01
2.914999999999999813e-01 9.999999999985815791e-01
2.924999999999999822e-01 9.999999999985279553e-01
2.934999999999999831e-01 9.999999999984692245e-01
2.944999999999999840e-01 9.999999999984042764e-01
2.954999999999999849e-01 9.999999999983330001e-01
2.964999999999999858e-01 9.999999999982546184e-01
2.974999999999999867e-01 9.999999999981682430e-01
2.984999999999999876e-01 9.999999999980726528e-01
2.994999999999999885e-01 9.999999999979670706e-01
3.004999999999999893e-01 9.999999999978500531e-01
3.014999999999999902e-01 9.999999999977203791e-01
3.024999999999999911e-01 9.999999999975759390e-01
3.034999999999999920e-01 9.999999999974147347e-01
3.044999999999999929e-01 9.999999999972346565e-01
3.054999999999999938e-01 9.999999999970325959e-01
3.064999999999999947e-01 9.999999999968051112e-01
3.074999999999999956e-01 9.999999999965484276e-01
3.084999999999999964e-01 9.999999999962572161e-01
3.094999999999999973e-01 9.999999999959258146e-01
3.104999999999999982e-01 9.999999999955466734e-01
3.114999999999999991e-01 9.999999999951109109e-01
3.125000000000000000e-01 9.999999999946070917e-01
3.135000000000000009e-01 9.999999999940212270e-01
3.145000000000000018e-01 9.999999999933355532e-01
3.155000000000000027e-01 9.999999999925269778e-01
3.165000000000000036e-01 9.999999999915656357e-01
3.175000000000000044e-01 9.999999999904118919e-01
3.185000000000000053e-01 9.999999999890132329e-01
3.195000000000000062e-01 9.999999999872971612e-01
3.205000000000000071e-01 9.999999999851630905e-01
3.215000000000000080e-01 9.999999999824656927e-01
3.225000000000000089e-01 9.999999999789921379e-01
3.235000000000000098e-01 9.999999999744153545e-01
3.245000000000000107e-01 9.999999999682104290e-01
3.255000000000000115e-01 9.999999999594901823e-01
3.265000000000000124e-01 9.999999999466256950e-01
3.275000000000000133e-01 9.999999999262988437e-01
3.285000000000000142e-01 9.999999998905808596e-01
3.295000000000000151e-01 9.999999998138415780e-01
3.305000000000000160e-01 9.999999995313294532e-01
3.315000000000000169e-01 9.999990882715880103e-01
3.325000000000000178e-01 4.251695986242397893e-10
3.335000000000000187e-01 3.203658723601781130e-10
3.345000000000000195e-01 2.559453264538413628e-10
3.355000000000000204e-01 2.331185837898284785e-10
3.365000000000000213e-01 2.334140907601816138e-10
3.375000000000000222e-01 2.540737554930612805e-10
3.385000000000000231e-01 3.040398722867149090e-10
3.395000000000000240e-01 4.184695475257546860e-10
3.405000000000000249e-01 7.815605887342522382e-10
3.415000000000000258e-01 5.592691623625413166e-01
3.425000000000000266e-01 9.999999992904569091e-01
3.435000000000000275e-01 9.999999996561882432e-01
3.444999999999999729e-01 9.999999997759622117e-01
3.454999999999999738e-01 9.999999998344417662e-01
3.464999999999999747e-01 9.999999998685561442e-01
3.474999999999999756e-01 9.999999998905666487e-01
3.484999999999999765e-01 9.999999999056992106e-01
3.494999999999999774e-01 9.999999999165575248e-01
3.504999999999999782e-01 9.999999999245687832e-01
3.514999999999999791e-01 9.999999999305813070e-01
3.524999999999999800e-01 9.999999999351240065e-01
3.534999999999999809e-01 9.999999999385422722e-01
3.544999999999999818e-01 9.999999999410659202e-01
3.554999999999999827e-01 9.999999999428492714e-01
3.564999999999999836e-01 9.999999999439956877e-01
3.574999999999999845e-01 9.999999999445716714e-01
3.584999999999999853e-01 9.999999999446140819e-01
3.594999999999999862e-01 9.999999999441350207e-01
3.604999999999999871e-01 9.999999999431243847e-01
3.614999999999999880e-01 9.999999999415476459e-01
3.624999999999999889e-01 9.999999999393450745e-01
3.634999999999999898e-01 9.999999999364233005e-01
3.644999999999999907e-01 9.999999999326456557e-01
3.654999999999999916e-01 9.999999999278168517e-01
3.664999999999999925e-01 9.999999999216513391e-01
3.674999999999999933e-01 9.999999999137312301e-01
3.684999999999999942e-01 9.999999999034164810e-01
3.694999999999999951e-01 9.999999998896950126e-01
3.704999999999999960e-01 9.999999998708708482e-01
3.714999999999999969e-01 9.999999998438769966e-01
3.724999999999999978e-01 9.999999998025779213e-01
3.734999999999999987e-01 9.999999997326081136e-01
3.744999999999999996e-01 9.999999995908639416e-01
3.755000000000000004e-01 9.999999991616870254e-01
3.765000000000000013e-01 5.802107337937477682e-01
3.775000000000000022e-01 8.911268116859033376e-10
3.785000000000000031e-01 4.622854382527517866e-10
3.795000000000000040e-01 3.213937893407023020e-10
3.805000000000000049e-01 2.526297685280012817e-10
3.815000000000000058e-01 2.129197749939603982e-10
3.825000000000000067e-01 1.879625195521916070e-10
3.835000000000000075e-01 1.716752712336035977e-10
3.845000000000000084e-01 1.610943069058919149e-10
3.855000000000000093e-01 1.546164746891489822e-10
3.865000000000000102e-01 1.514071718888524581e-10
3.875000000000000111e-01 1.510256952790245615e-10
3.885000000000000120e-01 1.533553081534238897e-10
3.895000000000000129e-01 1.585230804654417674e-10
3.905000000000000138e-01 1.669428656848299509e-10
3.915000000000000147e-01 1.794055895084924897e-10
3.925000000000000155e-01 1.972771683149863282e-10
3.935000000000000164e-01 2.229627266932121030e-10
3.945000000000000173e-01 2.608465644623610205e-10
3.955000000000000182e-01 3.198579660767605479e-10
3.965000000000000191e-01 4.208238435176752465e-10
3.975000000000000200e-01 6.266234260533953910e-10
3.985000000000000209e-01 1.250675246750228026e-09
3.995000000000000218e-01 6.885386258106194202e-01
4.005000000000000226e-01 9.999999987276003699e-01
4.015000000000000235e-01 9.999999993540373833e-01
4.025000000000000244e-01 9.999999995598061187e-01
4.035000000000000253e-01 9.999999996602555452e-01
4.045000000000000262e-01 9.999999997183686151e-01
4.055000000000000271e-01 9.999999997550370612e-01
4.065000000000000280e-01 9.999999997791081396e-01
4.074999999999999734e-01 9.999999997949062802e-01
4.084999999999999742e-01 9.999999998046928962e-01
4.094999999999999751e-01 9.999999998096202880e-01
4.104999999999999760e-01 9.999999998101717358e-01
4.114999999999999769e-01 9.999999998062515383e-01
4.124999999999999778e-01 9.999999997972122134e-01
4.134999999999999787e-01 9.999999997814977837e-01
4.144999999999999796e-01 9.999999997559597675e-01
4.154999999999999805e-01 9.999999997141090224e-01
4.164999999999999813e-01 9.999999996404552727e-01
4.174999999999999822e-01 9.999999994881986209e-01
4.184999999999999831e-01 9.999999990232091296e-01
4.194999999999999840e-01 5.020216405460111719e-01
4.204999999999999849e-01 9.042996588546174867e-10
4.214999999999999858e-01 4.381560440489992647e-10
4.224999999999999867e-01 2.845002164277888309e-10
4.234999999999999876e-01 2.088028260736680414e-10
4.244999999999999885e-01 1.642351975695146073e-10
4.254999999999999893e-01 1.351798508093196079e-10
4.264999999999999902e-01 1.149736980313345519e-10
4.274999999999999911e-01 1.002870203939094392e-10
4.284999999999999920e-01 8.928037867868357151e-11
4.294999999999999929e-01 8.085479488087621375e-11
4.304999999999999938e-01 7.432113159770315421e-11
4.314999999999999947e-01 6.922855525767053720e-11
4.324999999999999956e-01 6.526914334342931284e-11
4.334999999999999964e-01 6.223251203222261770e-11
4.344999999999999973e-01 5.997398803939204911e-11
4.354999999999999982e-01 5.839884318279942966e-11
4.364999999999999991e-01 5.744372045541151066e-11
4.375000000000000000e-01 5.708086863225181298e-11
4.385000000000000009e-01 5.730656093838766442e-11
4.395000000000000018e-01 5.814625143488114838e-11
4.405000000000000027e-01 5.965898249948109415e-11
4.415000000000000036e-01 6.193973638232804667e-11
4.425000000000000044e-01 6.514078246402195058e-11
4.435000000000000053e-01 6.948777453617010266e-11
4.445000000000000062e-01 7.532499410208978343e-11
4.455000000000000071e-01 8.318417483489992306e-11
4.465000000000000080e-01 9.392263059159332180e-11
4.475000000000000089e-01 1.089878918467576065e-10
4.485000000000000098e-01 1.310195329855880699e-10
4.495000000000000107e-01 1.653403250425318383e-10
4.505000000000000115e-01 2.244465183920177501e-10
4.515000000000000124e-01 3.460050291188091620e-10
4.525000000000000133e-01 7.187888654878032618e-10
4.535000000000000142e-01 6.456959253436885815e-01
4.545000000000000151e-01 9.999999991923502751e-01
4.555000000000000160e-01 9.999999995613134685e-01
4.565000000000000169e-01 9.999999996749013853e-01
4.575000000000000178e-01 9.999999997205809565e-01
4.585000000000000187e-01 9.999999997325945689e-01
4.595000000000000195e-01 9.999999997150542663e-01
4.605000000000000204e-01 9.999999996479341791e-01
4.615000000000000213e-01 9.999999994068332621e-01
4.625000000000000222e-01 1.021239990474960974e-01
4.635000000000000231e-01 4.438225220284336814e-10
4.645000000000000240e-01 1.953745370112548730e-10
4.655000000000000249e-01 1.159270703069100722e-10
4.665000000000000258e-01 7.810330581944451763e-11
4.675000000000000266e-01 5.658746410450821353e-11
4.685000000000000275e-01 4.302161326965394338e-11
4.694999999999999729e-01 3.386864999966002017e-11
4.704999999999999738e-01 2.738833925812145108e-11
4.714999999999999747e-01 2.263080780995251891e-11
4.724999999999999756e-01 1.903823610126614779e-11
4.734999999999999765e-01 1.626352602706383461e-11
4.744999999999999774e-01 1.408080445283758703e-11
4.754999999999999782e-01 1.233784937859516244e-11
4.764999999999999791e-01 1.092872948106908123e-11
4.774999999999999800e-01 9.778096067543824113e-12
4.784999999999999809e-01 8.831246911987788391e-12
4.794999999999999818e-01 8.047672322835604690e-12
4.804999999999999827e-01 7.397123952376694016e-12
4.814999999999999836e-01 6.856832002450260354e-12
4.824999999999999845e-01 6.409562201585750129e-12
4.834999999999999853e-01 6.042412631797019227e-12
4.844999999999999862e-01 5.745954347249629567e-12
4.854999999999999871e-01 5.513779086878010098e-12
4.864999999999999880e-01 5.342150198078910111e-12
4.874999999999999889e-01 5.230176618167984434e-12
4.884999999999999898e-01 5.180124828804855024e-12
4.894999999999999907e-01 5.198403507940886770e-12
4.904999999999999916e-01 5.297425900949384464e-12
4.914999999999999925e-01 5.499285676749185703e-12
4.924999999999999933e-01 5.843193349542154905e-12
4.934999999999999942e-01 6.402145080977094139e-12
4.944999999999999951e-01 7.324485688534341251e-12
4.954999999999999960e-01 8.959006581436518380e-12
4.964999999999999969e-01 1.235546942877226119e-11
4.974999999999999978e-01 2.276790422384235787e-11
4.984999999999999987e-01 4.993100686857148141e-01
4.994999999999999996e-01 9.999999999805544437e-01
